 52
237
255
 27
249
 61
 42
 25
137
104
 23
172
 82
 76
 27
235
113
126
 11
193
200
109
227
188
 97
 72
 20
 26
 36
239
206
253
210
 97
 33
211
 85
 20
146
163
 63
212
 54
 28
149
107
246
225
150
 23
213
104
212
107
142
245
119
124
186
212
217
 10
141
228
128
 34
 94
 89
 10
139
217
230
224
222
133
138
 18
208
 80
 97
 78
 93
150
 11
212
251
  8
 85
 14
 90
172
  2
  9
207
 44
127
 12
  1
 51
193
131
189
197
  5
173
230
 66
 89
150
107
145
150
105
 75
 93
185
 69
168
 89
255
193
178
 16
213
 30
 81
  2
 36
241
 17
248
 39
 49
184
 46
137
156
 83
 98
195
120
168
158
210
116
 66
 86
 34
126
160
 84
120
188
214
124
124
118
  2
116
114
 31
147
133
 23
 16
 55
221
208
244
 44
232
 74
  7
230
241
 67
 44
 92
231
101
 57
236
171
145
 22
 69
205
117
164
101
112
213
 24
209
 62
111
147
 60
 23
155
230
158
145
 14
 19
181
252
 80
132
 57
229
118
 57
 15
248
236
232
165
 87
 18
 65
186
218
131
200
254
230
114
 81
233
 36
 56
 54
 53
135
215
 10
 55
163
146
 59
 78
247
168
 29
 22
224
101
227
  0
154
150
164
208
244
 74
142
252
143
 27
 45
223
218
189
103
 57
 95
 18
 45
199
141
 10
107
146
 76
 40
 10
162
 65
101
237
126
190
 72
130
223
123
126
195
241
210
102
126
 35
  8
192
 27
236
 27
 53
 64
106
 17
188
 51
 69
  4
115
231
 37
125
110
248
108
126
141
128
 12
149
  0
135
242
210
209
191
 31
249
 17
217
100
 38
157
141
 35
182
 40
 73
240
219
 41
155
254
 64
 19
106
114
 28
205
 35
113
147
 86
216
 70
138
 23
101
 83
241
105
198
174
 69
217
 80
 85
 59
134
 70
196
126
 21
240
196
 48
195
 98
225
 32
106
106
 91
218
 94
 13
 24
 98
236
 30
209
 59
 30
 39
 68
109
201
 37
253
 72
 49
182
 42
122
123
 35
193
149
128
103
240
240
202
119
146
247
245
 92
124
174
157
225
233
208
 80
208
 71
 21
 10
 11
113
 64
 73
  9
108
 37
102
167
112
 35
145
193
 80
  0
  7
 37
117
107
105
156
 45
225
140
108
218
 91
183
 27
 25
234
251
122
 47
 60
  8
163
 24
104
 35
201
171
108
184
234
 97
103
191
130
251
244
 41
 32
173
112
192
 82
 26
100
131
201
242
 65
 15
120
 47
129
 76
141
 85
 78
 68
198
199
231
 18
200
142
 44
145
130
 62
133
 48
171
 30
216
128
 92
157
248
197
123
 35
169
121
125
254
114
201
226
 45
108
 51
122
210
 97
 83
 17
171
187
176
163
 38
 54
 89
109
 76
189
 21
116
184
210
147
241
143
112
154
 71
174
243
166
 70
 96
194
 13
125
190
 59
  8
156
 15
122
 68
130
149
128
147
161
 46
 60
 95
  1
 94
173
171
 65
 28
 52
 22
185
113
151
 61
158
224
191
 49
251
146
121
214
133
 10
112
164
141
 70
101
 54
218
 33
115
131
206
249
 22
147
252
156
 24
 24
117
109
213
236
238
  2
174
147
163
  9
 57
 23
238
131
228
182
 61
131
 73
215
200
222
 58
 91
149
116
 42
147
148
  5
  7
232
143
130
203
 74
242
 31
 43
 23
181
 18
169
248
 60
 76
 29
171
186
 48
  7
165
238
242
 51
170
249
 78
231
 40
144
162
188
 79
128
140
155
178
 68
 43
126
170
 17
129
 31
  7
139
142
198
141
 85
248
178
 25
228
117
187
147
 13
183
223
  8
150
164
186
251
 55
 63
227
127
 92
 54
 72
185
208
229
151
124
125
132
205
 14
249
103
223
 69
168
130
174
 25
 15
 48
211
 53
199
225
215
126
114
158
236
113
 68
 67
244
116
142
159
213
164
199
235
 49
 70
199
242
251
 21
221
233
125
 63
145
 84
197
 10
 65
114
 19
 96
 91
244
 75
244
 69
186
 47
160
 99
132
188
134
227
143
124
 15
 34
217
251
102
 62
217
 13
132
228
176
 19
163
201
 29
163
229
185
 48
176
212
163
228
144
195
143
 36
144
197
128
226
235
109
 55
133
211
108
122
244
 10
167
135
245
 46
202
 50
242
107
186
142
 17
  0
159
 71
205
 32
 89
233
115
225
238
 19
230
134
 16
  9
162
 98
 88
156
175
 76
 34
 38
 18
231
100
195
159
129
193
 93
161
168
 95
137
 57
 99
109
242
112
208
182
 80
201
222
164
  7
218
 10
170
167
  7
158
 20
239
244
172
168
132
195
111
174
151
210
 62
191
 88
173
 12
225
191
166
 89
118
 75
112
130
234
116
105
 96
250
112
 58
 41
217
125
147
161
198
 59
 20
130
 14
 69
211
 13
 64
183
 74
194
122
183
254
132
250
 69
157
  1
178
 79
 34
 17
167
 48
 54
184
147
150
 68
107
 31
 54
239
158
253
227
 64
186
 91
110
200
253
148
199
103
132
143
 77
129
 67
 64
 37
139
250
212
249
125
  0
 49
 58
 69
239
227
190
185
 52
 27
 35
 69
 94
 44
  2
224
 69
217
107
 82
225
202
111
111
 18
139
 18
110
114
 67
158
117
207
184
 89
116
104
143
161
 21
 77
127
 30
212
252
198
 18
103
202
 57
221
 59
 80
130
 68
218
 16
236
146
 13
 88
 26
 26
133
127
118
108
192
101
254
 69
177
213
142
116
 95
250
 55
194
153
135
 44
 88
200
200
232
  6
194
184
127
160
181
165
244
 59
 30
250
 57
207
129
126
 40
 89
 13
 30
200
132
 58
249
109
 14
 94
 74
 84
166
246
117
162
 14
 78
 10
104
164
132
152
 57
 62
129
200
133
167
104
 91
148
109
230
 34
226
 67
107
 66
238
 74
 19
131
 38
241
100
117
180
 13
213
254
128
242
 46
100
230
 34
142
162
125
119
150
 20
125
 45
155
110
138
 64
127
172
 90
174
224
218
 96
  1
  0
 28
217
114
141
221
 45
252
 81
103
 81
  6
215
190
161
118
238
  5
 12
 46
227
 38
149
160
254
 76
244
 43
109
 27
 92
 24
 86
242
203
222
255
155
106
119
130
  8
 91
163
109
223
 30
 55
 99
137
 97
140
 74
 29
185
 99
  5
 73
194
 31
 86
229
124
147
106
 26
232
229
181
 28
176
218
162
136
244
151
 55
 82
 66
227
107
 71
191
135
246
230
236
212
 55
209
 34
 65
191
 90
157
241
208
111
 69
143
122
  6
244
186
 89
177
151
 49
109
 71
 86
223
252
 36
 33
 59
 44
253
 95
175
 24
178
  1
  0
 46
167
214
128
162
230
 14
187
247
 51
 33
193
  4
 17
217
 55
 47
 89
 26
  0
 86
 39
155
160
183
209
162
226
154
 92
169
223
179
243
 37
138
 65
  7
175
 19
 78
134
193
151
 92
 81
233
  3
200
202
 16
211
222
105
133
216
 77
157
233
102
114
141
 80
245
137
176
146
129
180
 85
196
158
 81
220
202
 16
 79
237
239
160
 67
230
 25
 82
 59
  4
 76
 83
125
248
119
 52
136
 43
 84
188
248
129
 66
155
 26
188
 12
247
164
 22
125
107
181
 70
236
 50
158
126
 46
176
 38
 81
 71
 25
235
147
227
 17
225
  5
134
  3
219
194
182
237
 89
207
156
 76
 56
107
 74
 94
206
129
217
 53
 13
140
 83
237
 55
131
113
  5
132
106
 10
144
242
149
246
246
117
192
112
112
221
 85
123
 92
  8
 52
 14
248
208
215
112
 50
 54
 45
 92
168
203
 10
241
229
188
114
155
 18
 84
 32
 37
107
118
109
 72
224
156
 24
130
244
 21
185
224
 49
222
174
243
197
 10
223
156
 44
183
 79
 14
188
 20
 91
254
153
169
 23
  3
243
164
188
226
205
 82
 85
182
 12
 14
236
200
 59
190
177
 14
153
106
  0
248
 71
 98
157
 27
243
132
 79
 28
 46
 57
123
 66
170
 86
 29
 22
127
190
 74
220
 44
249
 16
 67
194
 24
229
252
163
125
104
188
 89
151
167
140
179
241
176
234
238
 90
132
239
 48
186
 30
 35
128
221
129
 99
 39
212
107
248
216
139
 50
 23
236
141
104
103
208
243
203
198
 97
199
215
243
 63
178
239
159
154
224
 66
  1
 57
134
101
 53
  2
182
217
237
110
181
241
164
194
217
113
246
115
 38
  8
115
 82
158
149
250
 46
 69
223
226
 24
241
 40
112
 39
 32
 69
 54
 23
 57
148
154
 30
  0
 94
 84
202
 53
179
 61
 75
148
225
  2
 65
 85
253
123
152
112
190
237
 73
198
 14
235
 97
 35
233
 72
 68
224
 79
212
 27
123
225
199
116
 43
 12
137
 24
 76
143
 32
 32
 31
170
247
224
183
244
174
127
127
153
113
  6
 19
119
236
 92
 68
163
 18
 53
 76
233
145
 57
 62
242
145
170
 65
 33
153
195
240
 66
117
 17
 67
 12
177
229
121
101
199
 34
215
 73
217
203
163
 26
217
 89
 45
 53
201
186
154
189
176
174
221
103
128
 97
 89
 36
234
230
 70
153
221
  5
  2
 85
200
183
 50
243
222
146
 17
108
162
 22
163
255
 98
208
 23
230
 79
215
 39
198
 10
116
173
 36
 89
146
 83
104
145
 42
 68
232
 18
205
 80
247
 19
221
136
221
131
247
171
202
171
 70
 90
  5
101
 79
222
 55
211
 89
246
253
248
247
137
129
125
140
183
151
166
 98
252
 64
125
175
244
150
135
168
209
 75
255
162
186
231
 38
 41
187
233
 95
 17
155
 39
 14
130
 34
126
 27
 41
  9
 68
230
 24
195
154
248
 94
118
178
 76
113
242
154
243
188
 77
242
102
253
255
239
124
 44
141
135
 92
 48
158
233
 49
205
204
235
  7
151
 50
 17
220
113
212
150
202
144
 49
197
191
160
130
156
186
161
227
193
158
218
122
118
 61
120
 17
203
 40
255
105
218
 71
143
126
 50
  1
 49
217
156
 39
100
214
187
124
 44
149
199
248
 21
114
 68
233
  3
247
105
 26
204
186
140
 91
222
 24
 47
 63
197
246
212
 50
149
 16
 19
168
 73
203
  0
 97
179
 11
101
 39
 92
 90
 81
 71
 74
157
 30
129
132
 30
142
 73
108
182
248
201
229
163
 24
203
 59
235
144
228
109
209
 30
 89
214
204
104
105
 62
208
 21
 32
 92
111
231
 56
 84
 90
106
177
109
125
243
130
108
104
 44
 13
 27
 25
161
142
206
251
 62
 73
227
137
 16
142
 27
117
142
149
189
 35
 94
175
 54
  3
 66
 27
206
163
 25
177
195
  7
181
 47
 13
222
119
185
 51
170
 28
104
147
 17
158
 61
  3
195
228
 81
167
 99
 82
242
 59
 47
 51
150
215
 27
 48
156
175
255
198
 88
  6
 67
228
245
237
254
175
 62
100
227
192
 90
229
  0
 56
 90
 68
205
 27
201
110
182
 23
 64
251
101
143
128
 72
 31
 58
178
 25
202
211
231
140
137
 75
202
249
  5
 57
229
 39
 43
199
204
166
 13
230
 89
 82
 15
 37
  4
253
216
 93
135
154
 20
114
209
176
140
123
232
246
 84
207
 99
195
141
  7
 21
  0
143
184
 91
131
 51
140
190
 75
 45
130
 87
199
 29
254
228
 45
 69
  3
169
213
155
139
 73
166
189
 81
116
 90
233
  3
 95
221
200
228
 86
 34
142
176
 68
223
198
212
180
214
120
246
104
 99
247
 79
 57
191
 80
211
 28
136
117
166
170
224
 22
 63
114
 21
 85
140
149
139
 30
 33
132
101
154
159
 45
205
208
  6
 44
165
 70
127
157
  4
209
 41
241
159
133
204
255
194
216
 13
175
175
113
180
143
108
192
234
150
117
171
160
 61
154
 85
245
140
107
154
 72
 79
  5
124
109
 91
153
171
225
134
188
178
222
 40
 65
 70
 39
 93
 83
113
230
136
197
 11
 65
 43
177
 32
 21
150
202
117
110
149
171
247
 46
 21
180
186
245
147
182
206
196
155
 74
122
 15
185
131
159
196
136
  2
198
 16
 23
 89
167
176
 56
137
107
 25
 18
102
177
 70
194
159
 54
224
254
240
133
203
175
178
167
 53
 74
 45
229
167
219
234
127
135
156
104
193
 86
207
150
210
 22
237
162
 84
 33
 93
253
 92
 24
 56
229
121
209
238
101
105
148
 15
 36
243
157
212
129
253
226
 97
  9
110
248
141
130
242
 14
 57
185
187
217
  8
 30
 62
 87
142
 81
 75
 74
154
 49
  0
224
 27
144
127
120
 82
212
 45
214
 76
188
202
175
189
126
 49
 37
240
141
 30
212
 27
187
144
213
223
229
214
115
136
 81
 78
154
170
110
145
182
221
 27
193
  0
 36
218
188
 12
 96
 66
203
162
 56
 76
 77
235
121
213
254
 66
210
147
218
145
 83
 63
 12
202
 93
116
 26
 83
 15
134
200
138
229
 26
 57
 37
 84
 20
 73
 20
 92
  9
172
201
 27
 25
116
182
 60
153
 72
219
146
172
 89
201
229
 54
 23
  3
 31
206
222
172
207
 85
 44
181
254
 14
164
164
 34
219
120
142
 98
119
175
140
 98
 60
 12
105
 15
 72
167
207
134
192
231
 34
151
203
129
239
158
223
 29
 99
195
 68
186
185
241
157
 61
230
228
114
189
 80
146
  9
 16
 72
202
101
 35
234
213
114
251
243
204
157
 58
131
202
219
 22
100
110
143
 55
 75
150
 20
196
117
 49
154
 52
 50
175
 59
 47
233
179
 74
 43
102
172
  1
 37
238
 21
 90
120
 72
 72
 63
226
 97
 30
139
176
 98
146
196
238
248
 51
198
181
 39
250
171
 69
213
165
151
180
211
179
108
225
253
105
124
237
243
186
182
229
142
 24
165
 45
196
189
185
 46
 36
 81
199
 59
 87
 20
241
 96
 85
224
123
  4
 35
139
 39
203
149
145
124
103
122
158
192
204
229
215
233
112
 42
 80
 95
163
 69
189
182
 75
 39
194
213
253
 94
160
 17
236
217
 80
246
236
 87
209
 48
201
196
103
229
221
131
123
163
209
235
104
 26
187
 76
184
254
 79
251
113
 82
206
 19
209
 81
208
  2
232
229
 37
 13
202
 69
 83
193
216
148
 98
192
 14
212
220
207
254
 30
149
 18
246
191
227
141
 64
165
206
184
225
 26
 20
  4
143
125
192
 70
158
233
 47
118
187
207
 88
250
 38
126
217
 30
 51
103
236
226
182
  3
220
 90
 53
170
 74
 89
  1
100
201
  5
 28
173
242
 45
234
173
 13
249
227
146
106
108
238
233
 25
 10
 39
216
 78
 31
 65
 12
 61
 75
226
113
244
131
101
166
 84
227
159
 70
 93
 75
166
191
 65
220
106
131
  5
101
101
147
126
 71
253
 61
252
 31
216
  9
203
 99
255
216
184
  7
 26
148
234
143
146
 85
251
116
 65
114
108
219
110
  7
  7
 10
 60
129
195
  5
237
 48
 31
119
206
232
131
243
 11
146
113
 73
 51
136
241
143
  1
155
246
100
 16
148
236
195
152
180
180
 35
246
111
251
 61
 44
211
123
  1
  2
255
212
107
129
247
109
 15
208
 28
 91
147
169
205
106
155
 98
 57
231
134
 40
203
 72
 53
240
 19
 22
249
 28
144
 33
126
 38
204
 96
 65
 75
158
 57
146
 32
 79
242
 65
 81
126
252
190
  2
 92
237
206
246
 64
169
159
145
 22
222
151
238
191
249
 53
 22
153
 66
163
116
  7
 70
112
  9
191
 64
155
196
 52
184
155
 31
207
 20
126
 58
120
 16
207
226
 98
180
197
 87
 25
 85
201
220
 72
 37
255
 82
118
245
108
104
240
 42
 21
 47
142
221
  9
194
235
126
162
  7
 46
 63
113
117
125
 90
108
 23
139
137
147
248
136
251
  1
103
 58
 79
 32
 48
 30
159
 54
227
 19
 77
 76
 17
251
  5
113
 36
 15
 92
253
 14
 56
 14
223
251
 15
 44
164
242
 55
 30
108
103
161
199
177
236
 48
120
204
235
 76
228
 26
 90
226
224
  0
172
 97
216
  2
122
203
206
148
154
 27
250
 65
225
179
183
112
144
 59
 47
 83
230
133
 81
103
251
 15
 76
 98
248
184
217
188
117
203
 56
 54
 66
  1
164
 95
184
190
 46
 91
 33
188
 66
130
 68
  8
253
 30
182
 12
 76
242
231
232
146
208
107
127
  5
 95
215
217
230
204
107
 79
207
189
246
  8
150
233
221
216
 55
 15
 48
192
130
103
 14
 54
 48
184
142
255
159
211
 54
 87
 57
 70
190
 10
147
108
198
187
 60
 53
193
146
122
 22
169
161
 71
211
  1
228
 53
205
206
 88
 29
152
 48
115
117
 66
160
180
158
 74
124
164
245
166
142
145
 67
  7
159
151
133
106
136
103
196
193
 15
111
 74
195
222
253
 74
 66
158
120
 99
 26
 90
111
108
 68
159
 35
167
145
 84
187
135
 37
 69
154
127
167
134
  0
158
246
 62
191
 59
  1
208
 37
137
174
115
126
121
179
164
151
249
 48
117
 64
134
 77
142
106
 93
110
156
184
 37
 82
230
 43
201
  5
211
144
136
 92
 30
249
233
 45
106
250
 39
180
145
108
113
140
 78
 11
117
197
 92
 35
148
149
201
 44
144
212
 87
205
 92
 75
173
135
129
217
 96
154
 76
 66
243
 33
 53
 27
214
128
170
 24
106
200
 57
165
148
205
 76
 90
162
206
130
 50
170
206
141
150
 76
 76
148
175
 42
133
209
 32
110
144
177
232
  7
169
 31
161
123
222
238
232
  9
248
 60
121
187
 63
 49
155
153
172
186
137
 72
 41
100
 19
150
161
 73
 34
108
  2
242
  0
174
119
122
237
 17
 43
 86
190
189
225
226
 25
205
176
210
176
 89
 42
154
129
138
115
125
215
123
  7
181
198
235
146
212
234
187
176
 32
252
 76
 80
169
  0
150
  5
 67
224
 37
125
199
 21
 67
 53
 95
135
 76
 34
 79
205
118
243
126
232
148
135
168
243
 24
179
 25
186
186
145
 60
138
 63
146
 81
 96
 72
232
 33
213
  7
 97
 11
 37
 69
 81
 76
148
153
 97
255
 35
145
214
214
133
194
155
101
106
220
 39
163
 79
137
227
 82
 87
  4
 96
237
119
135
 81
159
240
 72
199
 24
169
121
255
223
126
 83
 93
224
  2
212
230
 53
 91
 55
238
119
 12
 40
214
230
204
191
113
157
226
186
196
 58
253
 57
119
131
243
230
 38
 19
 11
 93
251
214
113
 35
 99
128
236
123
 55
105
 37
182
107
122
159
169
 81
104
139
 35
133
162
114
 93
171
199
125
 73
145
245
165
147
105
143
 83
 12
  9
219
242
 26
142
 93
 37
192
 83
197
154
 44
189
243
 48
163
203
185
 52
149
152
160
 51
213
242
193
197
 36
124
 37
129
133
233
189
129
108
 16
118
135
 89
 68
 25
  3
 29
 81
222
113
 73
144
 97
  5
 21
 69
131
 87
 59
191
 39
227
238
134
103
142
205
195
 51
181
  8
 53
105
160
236
 82
 43
 38
238
123
114
163
 63
 93
139
139
 79
 58
236
158
186
  3
213
178
194
195
126
144
119
 67
118
136
  6
  9
 72
 95
144
225
111
229
 34
 11
214
  8
205
 18
 57
223
 65
171
180
110
201
244
193
 12
 25
202
 77
135
108
157
150
 53
 28
 29
184
183
130
177
115
 92
162
 74
 80
173
148
250
 41
164
 35
123
195
118
 45
255
112
 72
 35
 84
237
139
 69
 16
226
251
133
129
213
252
149
132
  3
174
 85
  3
214
175
226
 52
 94
255
141
241
 70
  2
 49
 45
 68
239
180
 17
175
198
151
168
200
 38
 82
 63
201
219
131
 27
104
 43
 98
239
177
200
 16
106
127
133
 37
 77
165
190
147
 76
193
 26
135
  9
 78
171
 38
245
 43
206
 61
 47
218
 25
170
174
238
220
216
153
 78
196
 11
 56
121
247
 84
118
 41
 73
  4
104
244
198
104
 77
108
206
136
177
119
128
137
250
148
 74
 63
244
180
210
114
214
155
134
133
 26
168
248
144
 93
200
188
 59
154
 65
173
 14
 15
202
 24
149
 63
 84
169
212
  0
135
 16
248
 18
 21
166
 26
205
235
120
146
215
 18
135
 17
236
 78
121
 31
 36
 55
 13
119
160
174
 72
112
240
185
238
134
139
 39
245
  5
253
 32
191
122
 45
201
213
 22
240
 58
130
212
 97
105
133
190
208
246
187
131
117
 76
210
169
 11
160
122
  2
108
253
 20
 15
218
106
226
 51
175
 41
  1
144
 11
227
199
129
 70
 11
 23
232
210
232
141
 14
 82
196
253
 62
250
169
 90
122
 36
  8
213
155
154
191
180
226
163
 12
 87
160
174
206
 23
139
132
178
175
138
101
208
 53
152
214
194
 99
140
 70
 90
 16
157
179
134
202
129
112
  6
246
161
106
 41
240
225
105
181
167
130
222
 35
 83
145
  8
104
186
203
237
157
  5
244
  7
185
132
227
  6
164
 80
235
227
219
  6
 36
 27
166
133
198
 14
192
198
139
206
168
 64
 25
230
198
185
251
 85
 13
238
 33
166
  9
 67
226
176
 61
221
 12
191
 83
130
246
101
 44
126
174
152
 78
 37
126
173
247
123
 78
132
115
166
141
168
 77
 55
171
 10
 77
115
  5
123
 96
209
174
 92
  6
 36
 31
 69
213
 73
 77
111
204
116
 13
133
 63
169
 90
107
 22
 55
241
 55
  8
150
151
 71
197
123
161
 34
176
223
107
176
202
  8
131
160
 38
151
137
 74
235
 55
174
 29
178
 58
241
145
174
186
 82
179
237
115
125
237
224
228
  2
105
151
 85
106
 14
240
162
149
 42
 59
108
138
112
132
253
225
 45
117
217
 71
142
 38
 60
127
210
132
164
236
181
191
 25
 43
 67
  2
251
104
 50
156
250
 43
163
248
210
 52
 83
182
 32
 36
 91
232
 24
250
121
150
244
139
184
200
 83
176
118
 26
 24
 48
117
 76
145
 65
211
 29
154
134
120
212
141
193
 13
213
245
 48
125
 47
219
178
151
 15
 96
 41
196
156
 81
  4
 96
169
246
116
254
 25
 33
217
116
150
204
118
188
189
248
219
137
 78
159
145
103
166
 61
 92
 80
 36
115
139
189
198
169
 77
  8
 54
 65
150
118
 36
 86
173
161
136
222
 23
158
117
237
185
161
  6
157
182
 42
183
101
231
179
 40
197
178
 48
113
224
145
 89
236
 51
201
205
163
 44
167
 71
213
151
149
132
 61
 83
218
  8
199
171
134
254
 43
156
248
197
  6
