 52
237
255
 27
249
 61
 42
 25
137
104
 23
219
 51
 71
 72
191
 12
 56
109
167
143
 67
254
180
110
 68
 35
 55
103
238
210
255
208
 44
122
249
119
119
253
160
 68
208
 37
 24
195
  4
213
253
192
 95
200
 60
153
 47
136
230
109
120
181
214
146
 50
207
228
146
 35
 87
 82
 10
139
216
226
191
191
240
227
125
221
 19
 53
  4
 89
153
 55
161
220
 46
122
 35
 66
252
 86
 31
206
 43
 43
 15
  5
 44
193
253
193
150
  5
164
166
  7
  0
196
126
157
141
117
 14
 69
185
  2
162
 91
186
207
174
110
213
 10
 76
 68
 98
195
 93
191
  9
 64
254
 13
149
205
  7
 58
195
120
234
151
134
108
  2
  5
100
120
251
 59
 62
190
130
104
 57
108
122
 93
125
 95
200
241
 30
 38
 95
128
142
244
121
164
 88
 56
214
149
 69
 53
 74
167
101
 61
231
148
183
116
 81
129
 38
162
 97
125
221
 24
209
 53
111
163
125
 82
170
167
214
217
 71
 12
208
135
 45
140
 61
169
 72
 19
 71
238
165
172
161
 83
  3
 65
190
252
236
231
255
228
  9
 76
228
124
116
125
127
173
157
 10
 55
163
146
 59
 78
247
168
 29
 22
224
  5
140
 66
139
156
168
214
159
 45
227
186
203
103
  7
183
163
185
 56
 55
 84
 18
107
214
145
121
 83
211
 18
119
 22
190
 67
125
176
126
232
  5
215
130
 30
 85
234
182
142
 62
 57
 14
 77
192
  1
137
  6
 78
 40
 13
108
211
 67
  0
 67
 67
205
  5
 92
115
168
 33
 52
159
221
  5
210
120
207
155
172
221
177
 31
144
 56
225
120
 45
146
179
  6
221
 11
 91
181
241
110
199
224
112
102
 28
  3
101
185
 84
 89
236
101
237
102
154
 64
 10
 45
178
125
197
175
  4
143
 17
 93
127
214
  8
205
126
 74
253
138
 44
193
  4
133
115
 38
 59
  3
148
 81
 33
 27
 56
176
 83
188
 34
 71
 17
127
 95
164
 82
214
 59
 70
214
 30
118
107
 90
172
149
245
 42
239
224
137
 13
236
211
251
 95
 40
213
212
173
190
140
 88
216
 11
 24
 82
 91
 34
 17
 68
  8
121
 96
 56
244
 94
112
156
198
 93
 23
 31
 74
 14
104
 51
172
  5
199
215
110
202
 65
190
 25
 90
142
150
 83
 81
 31
108
141
 55
 70
 62
218
184
  6
254
133
 30
 46
184
253
157
145
108
106
227
 57
131
 29
 26
 67
190
232
211
107
 85
 36
 73
234
104
155
 10
  0
  2
216
132
180
 85
204
215
 91
236
179
 31
187
 24
179
 28
213
140
  5
212
248
217
101
 77
193
108
117
186
117
195
237
 53
 41
 61
109
138
 75
  9
 73
162
131
135
140
 86
 68
 60
  3
123
150
125
 16
254
192
220
128
208
 61
220
  1
183
217
141
  3
105
252
110
 13
216
110
 68
232
108
  8
102
186
195
130
147
183
 39
 42
  4
 83
 49
202
209
  9
 79
 30
 46
226
 45
146
 59
226
197
216
 45
241
222
120
196
216
 67
 44
195
229
 78
104
 28
146
 59
 58
135
156
199
 65
145
233
217
120
 47
109
 57
218
191
187
 76
181
218
255
 83
112
 81
166
129
176
131
 99
205
 55
182
164
243
121
111
134
112
 13
202
196
 95
 90
130
160
185
234
 42
196
  3
119
 44
236
 61
215
148
 88
118
  2
231
254
  5
126
193
201
158
105
235
243
 13
189
117
147
236
253
 64
157
186
247
189
  3
 30
110
190
 79
248
 81
 88
152
141
216
207
 91
229
191
 81
190
 56
141
129
 24
164
222
 14
148
185
171
236
 13
112
237
117
 11
 86
112
179
211
211
166
 70
 54
160
135
 21
225
113
217
 90
186
144
255
 97
100
 65
185
 43
128
191
174
  0
 26
155
230
127
 22
 11
174
 53
164
231
198
168
191
152
 24
 92
210
186
190
 14
159
239
112
 45
223
115
225
117
 71
117
 18
101
 20
198
 97
204
114
156
102
137
 53
247
216
250
134
234
113
 82
 60
216
229
 62
 49
249
  0
140
250
149
 85
218
201
 11
153
194
209
 44
233
184
183
251
255
187
171
 29
151
134
202
163
238
122
 44
193
194
103
114
180
 70
243
221
248
106
152
 99
163
 46
227
202
 84
 65
134
 75
158
122
 45
158
 84
231
247
 24
181
134
125
  9
162
 13
 56
177
205
 49
 25
  5
 92
255
 47
141
138
159
220
 91
246
192
120
143
 46
126
 45
225
 48
200
212
117
128
235
151
 55
235
107
140
243
 76
241
 60
206
194
129
197
165
230
 49
139
243
224
 24
143
114
226
  1
203
161
181
 21
 47
 17
107
250
253
 94
 68
 83
162
 32
 72
 73
136
 35
200
226
171
 84
 99
216
 89
  7
238
 30
 90
166
 84
202
122
164
229
197
182
 84
136
 82
189
 71
102
 23
179
 19
115
182
132
159
 67
 34
 31
 53
239
196
161
133
 43
252
 42
 68
238
205
190
168
 63
194
201
 74
169
 40
 92
  3
189
179
147
185
 11
 16
 20
 87
 74
245
132
154
213
 41
  6
113
 10
  3
119
 77
221
124
244
 74
 23
146
176
  4
 97
 41
170
 53
 52
 26
 67
148
103
205
253
 91
127
111
170
174
 23
 75
123
 89
156
193
142
 68
 47
153
117
148
  8
109
179
116
137
 73
188
178
113
111
 82
 73
180
 26
 17
 13
231
 63
146
118
149
243
180
100
 45
250
 57
205
206
212
107
 44
242
240
177
 91
251
137
 43
228
185
247
243
 36
 32
150
  3
187
173
 92
 13
  0
 25
 75
196
151
 34
174
 46
102
117
 73
101
148
245
 21
161
 93
 14
 73
 17
205
173
128
 42
123
210
145
213
166
114
 93
132
 48
230
116
243
122
107
106
199
 63
 58
150
 53
255
 48
 32
245
 99
189
131
131
160
  4
 25
232
 46
234
206
 29
116
249
 79
 52
 31
210
 39
160
 26
 74
141
112
200
134
212
111
 79
 43
 54
192
127
202
166
100
176
  6
104
127
 57
198
188
172
 50
238
 70
 15
 42
177
 50
137
188
176
 76
195
 97
118
 79
 64
 21
 93
150
200
180
151
138
 50
 46
202
 20
 68
200
 68
197
 87
 31
 77
251
125
138
 51
112
162
 51
 64
 14
132
 23
 97
146
 50
213
 80
 39
229
168
231
 28
245
240
209
135
208
177
 23
 53
 59
153
 56
 83
198
184
247
236
198
207
113
181
 77
 65
190
112
174
251
207
111
 77
149
 76
 73
182
184
 53
191
128
 44
 46
  0
 74
206
175
 31
 83
125
 59
236
 76
238
 55
163
  9
 30
112
244
209
200
246
186
 51
156
206
 78
 68
171
122
 38
171
 51
 50
 92
 79
101
 45
 74
137
128
135
246
152
201
211
 23
149
142
247
167
122
198
107
116
195
105
 45
163
137
173
 16
 31
168
 69
198
203
 98
155
216
 48
200
150
 19
150
205
 51
 54
197
104
160
221
173
153
133
174
 54
162
249
120
246
250
 39
 10
133
190
182
102
195
 59
 80
 72
104
 54
 80
  0
204
 57
 30
187
  7
 15
190
142
228
 66
181
104
250
 57
227
140
 60
 73
 66
242
 88
238
 56
137
104
125
135
 81
 53
 85
 25
196
186
135
  5
158
 98
168
114
157
152
174
183
  9
157
206
 26
116
 70
 97
105
255
226
183
 55
112
254
104
203
  6
168
 53
 72
218
101
 17
222
171
199
190
189
102
129
111
 36
150
  7
101
  5
 84
121
 40
227
210
214
114
 89
 24
 42
 89
185
208
104
150
188
182
112
203
 12
 98
 85
 78
 65
127
 44
 71
177
203
 11
254
210
 34
158
219
 43
192
227
189
194
 19
204
187
 27
183
 73
 67
160
 16
109
240
130
184
123
 94
170
235
227
226
146
 17
 44
181
 73
110
189
152
 37
131
165
 46
178
101
 71
171
 22
102
215
122
145
238
 48
109
 91
106
104
104
155
 71
 26
 72
111
180
 76
152
  4
226
 23
 95
198
 26
253
181
237
101
 60
182
 67
139
235
213
188
243
154
246
177
118
211
175
 24
139
 29
119
175
221
129
 12
 92
188
 22
248
128
144
 41
 88
169
167
 17
 15
197
233
182
163
 26
170
146
170
107
246
163
173
212
183
 30
 88
124
220
 17
 86
112
200
177
242
 40
240
171
183
219
220
 52
246
  3
 43
  4
125
 27
171
193
245
107
 76
243
217
 12
167
109
 46
115
119
 81
 33
 91
126
252
224
115
 71
  6
121
158
103
179
117
 97
169
203
 74
 65
 89
250
 37
193
 66
239
166
 11
206
 57
222
 49
 27
220
101
  0
164
  3
214
 94
 58
186
137
 13
 55
 23
203
 81
 12
157
 34
 15
 71
227
255
237
160
167
165
107
 29
144
 39
100
127
105
148
 60
 35
132
 33
 81
 36
241
192
  0
 62
161
192
252
 38
 15
234
180
144
118
120
 27
 49
122
190
130
 52
122
215
 34
249
 56
130
141
133
 40
169
 85
112
 53
205
238
211
251
180
248
251
 27
230
 14
  9
104
175
228
 82
194
211
107
102
110
255
151
 33
219
247
235
121
 76
132
 37
136
200
 37
207
 11
228
  0
174
 13
237
 39
  6
177
 34
 96
255
 44
 16
140
 42
 15
223
 85
162
 59
141
 17
150
162
138
170
130
178
146
128
  9
 10
 85
 62
 83
216
 14
190
 89
152
136
158
212
191
170
  2
254
156
190
146
 63
252
 21
 53
133
207
200
222
175
202
 57
137
214
197
248
 32
118
192
232
 65
 99
179
 81
109
128
 98
100
 60
 25
109
 32
156
  4
147
157
181
 18
 35
189
 65
 69
175
219
246
229
 13
191
121
230
128
247
126
  0
162
232
 54
 81
248
235
 55
196
240
209
 55
226
107
 72
174
 28
191
185
201
146
  8
168
192
153
223
156
190
187
192
255
250
244
 99
 48
 61
 57
 64
194
 23
138
 73
229
115
173
 35
122
 80
114
131
210
 96
 38
140
238
 35
  6
132
195
244
 29
 88
 22
192
 40
182
106
 60
235
231
159
113
234
 49
107
 33
166
146
185
 84
173
 48
 12
170
120
153
 78
 96
163
 76
  1
 36
 92
 73
 76
 75
 86
240
107
152
142
 94
214
118
 81
171
128
176
214
241
 21
196
 59
163
209
189
 43
224
 90
  8
222
130
 57
120
 97
244
 17
 39
 50
 75
203
 48
  1
 15
 92
234
 59
 87
181
191
 41
 93
 94
 59
 32
118
218
200
213
158
 88
  6
248
161
121
188
  7
125
150
235
196
126
 42
222
 67
104
 34
 71
136
162
 87
232
206
 84
182
117
 54
255
 76
198
 26
248
 93
 86
207
 70
209
 98
 84
185
206
 57
166
118
 75
243
 32
 40
103
183
227
 43
 16
206
143
138
240
120
 54
114
206
208
203
252
170
 41
 11
165
139
116
199
 86
118
127
 70
223
 85
136
108
254
 81
 64
235
108
226
250
 93
 19
 61
239
 13
139
220
231
157
197
 93
252
188
 17
126
128
 90
  2
246
255
134
 46
186
 28
 86
  6
 75
 56
160
156
119
213
179
 14
105
246
223
205
 38
241
173
 16
201
 16
173
227
 53
 51
 34
164
238
 89
191
122
193
252
 23
106
230
 84
199
101
131
170
123
 97
 34
139
254
172
163
 98
197
210
 18
 52
  9
195
118
 41
169
230
241
 57
 67
226
229
 22
158
204
215
223
177
 57
182
 33
 59
172
  5
 92
216
 63
249
 40
161
 10
202
171
218
126
 48
110
 82
  9
200
133
153
 54
 34
132
 28
192
199
 74
165
223
 84
108
190
 28
 57
244
 98
182
 12
222
169
183
173
128
210
233
 16
238
187
113
181
153
 53
139
142
248
 11
189
236
  1
167
 25
242
130
113
136
 76
 61
 52
 67
113
 43
233
217
202
165
223
143
141
112
 73
 68
106
 25
 90
117
221
168
238
 11
 90
 85
208
 44
 72
164
245
 85
  1
228
203
192
 72
 96
225
242
193
185
244
249
239
231
 33
113
 15
196
227
248
155
220
127
188
 24
 52
 90
203
193
 45
133
113
  2
 18
 11
167
 52
209
130
 39
146
212
186
223
158
133
246
225
 75
 99
 44
248
186
202
184
 35
228
251
 54
218
 61
216
134
219
 28
147
205
 84
 52
 91
234
 25
 26
122
241
 74
163
212
 74
115
197
 91
 44
254
252
152
214
174
176
106
 87
 13
159
241
159
167
 77
100
147
131
164
105
126
105
  9
164
 17
104
106
198
117
 39
205
 50
139
124
 57
109
212
 34
128
 23
172
168
242
192
108
 44
 68
128
170
 55
157
 76
182
145
253
246
177
143
 33
153
 88
 64
254
169
  3
247
129
255
124
162
104
 89
183
150
 89
  2
112
198
164
 62
 86
 13
195
 46
211
147
 56
157
201
179
208
 87
123
 86
131
 32
 23
 17
 13
 74
158
129
198
200
 35
 88
 44
 55
126
 16
 77
 25
 83
180
135
 82
 94
105
205
 62
223
 13
210
170
150
 74
201
229
 86
 23
  7
 95
156
224
233
143
  2
 51
216
141
 46
189
164
119
142
 61
194
 14
 12
195
176
 71
  8
 59
 31
110
 86
215
176
180
225
206
 24
216
144
255
139
163
231
 59
 66
244
109
228
240
254
241
 70
224
224
 99
171
 20
157
  9
 16
 74
222
 98
 52
214
165
 17
218
224
235
231
 47
143
218
132
 65
111
110
143
 91
100
185
 54
187
111
 67
251
 88
116
194
  9
 63
175
165
 67
 41
 78
201
 97
112
160
103
113
 57
103
 30
 41
162
 32
113
236
179
 40
221
217
246
254
 50
209
188
 89
147
149
113
241
223
247
211
139
135
 71
163
161
  4
  6
248
224
180
181
174
203
123
194
 81
255
214
217
 10
 38
 69
192
 44
 43
100
211
 90
 69
239
  2
121
 75
196
117
162
190
177
 92
  8
 31
254
195
143
214
152
235
118
 20
 77
 94
145
 53
167
171
 40
100
219
156
253
 85
187
 70
251
158
  4
206
165
 26
204
 54
201
138
 12
158
183
178
 85
144
231
220
 93
 44
130
118
222
209
108
221
 20
 97
148
 84
137
 20
151
 79
186
182
 76
111
238
 87
 66
198
200
219
 36
185
 42
249
156
183
178
 83
175
 32
197
159
161
250
103
169
208
253
152
 48
 63
 70
157
 56
153
 50
229
142
 73
 24
207
172
108
216
 23
 78
228
 60
 14
 14
147
236
217
 98
252
123
 19
155
 21
  2
 68
 24
172
 40
 55
140
208
 18
237
160
  6
182
233
147
112
117
172
155
112
108
 67
254
 26
 11
  6
 52
 69
 35
152
 17
191
198
127
183
 80
231
202
 27
 25
  5
175
177
  8
200
119
150
 14
123
 40
207
120
 68
245
115
253
 31
219
 73
220
 35
206
223
184
  7
 40
159
177
143
137
 76
240
 48
 15
 49
114
173
 91
 37
 56
 59
 28
177
237
 41
132
 21
 50
 87
238
201
138
246
 33
228
114
 35
 79
243
247
222
125
188
141
 77
 26
246
173
236
225
216
201
125
194
 18
244
 53
 97
208
 49
 20
  0
251
211
 55
206
250
103
 66
233
 54
 46
186
255
140
 98
182
 13
 92
147
240
 77
243
 76
 57
217
108
103
204
 20
137
 54
117
 38
202
106
 74
105
229
 31
191
 47
 67
159
 49
  4
 51
184
185
  1
 85
167
134
231
 15
227
221
211
 78
156
209
171
226
210
 60
  9
193
 85
168
124
 21
 86
 78
 31
166
 23
156
153
126
215
255
 28
207
126
110
 48
125
 68
179
217
 97
180
170
 19
 95
 19
252
220
 75
 15
214
 45
124
166
121
110
231
112
 65
 29
175
187
 78
203
174
 80
222
107
 85
 60
 89
 56
 96
 59
112
114
246
248
186
251
166
164
 41
 77
 14
102
118
 61
  5
209
 59
253
 17
 12
118
 79
245
  5
120
 51
 79
 49
142
109
 84
 39
247
249
  9
115
140
244
 38
 21
 94
 56
163
197
183
179
 24
126
221
224
 92
254
 34
  5
224
173
  5
245
115
203
  2
 56
201
221
157
154
 70
234
 65
231
253
167
109
222
 66
 85
 50
240
211
 81
 62
225
 12
  2
  9
150
212
213
236
111
234
 67
 21
119
 92
231
 24
255
144
 95
  1
125
145
107
253
 32
 85
253
 26
166
 54
117
218
136
183
148
216
 57
 50
 26
 99
228
189
218
224
 70
 86
196
191
159
105
242
164
157
131
 84
109
 65
186
223
106
 91
103
102
236
191
195
181
179
  8
117
 33
 95
190
 13
136
 97
133
218
 80
 69
175
168
 70
115
208
221
124
208
  1
207
119
223
151
  4
 60
187
 62
 52
 95
105
141
142
138
 90
103
190
248
175
206
145
 71
 66
151
134
158
116
136
 22
190
232
 41
 20
 18
222
209
210
 51
 35
243
123
 77
123
 12
 63
103
100
240
 72
199
141
  6
242
139
102
 87
189
 66
150
171
113
184
228
113
176
102
 17
211
 56
213
242
 87
126
123
243
132
139
229
 32
 60
  1
146
104
230
107
 81
 75
139
177
 32
 81
167
  3
140
 84
216
135
166
123
  6
168
189
 55
106
164
 75
207
253
  0
121
142
 10
  4
 39
184
 64
 45
129
142
223
 39
238
174
 46
180
  7
100
216
176
171
200
 39
217
 26
 78
166
 28
  1
 50
252
255
147
 69
 60
141
101
180
200
140
 68
 10
229
155
169
 78
164
144
193
137
 47
121
164
159
 27
221
155
 74
 55
197
152
212
 51
186
 70
161
124
222
227
186
122
209
 88
 24
134
  8
 35
206
202
230
173
162
 79
105
 97
 30
212
170
  7
 53
 64
 31
228
 76
250
 42
 57
149
111
 40
 58
177
161
245
174
 98
177
152
255
194
 31
 84
171
131
246
 68
 84
252
 22
 75
168
145
227
155
147
228
156
226
112
168
120
 63
206
  3
150
  5
 67
224
 55
111
198
  5
107
 69
 51
216
 74
 83
 22
145
 59
201
 79
215
128
213
168
254
 30
163
 89
163
187
130
 66
236
 22
238
 29
 40
 92
218
 16
177
103
 79
 80
118
 19
 16
 90
232
128
 76
210
 14
181
217
141
138
227
140
 48
101
216
 42
200
 79
139
235
 29
 22
  2
 60
236
 43
141
 22
129
179
 64
211
  9
169
121
212
137
104
 32
 37
214
 43
137
165
114
 28
 61
239
 77
 41
 76
248
222
236
200
 89
180
135
178
215
116
191
113
 54
211
228
149
 31
 56
 37
 68
249
219
 36
 39
 55
128
192
 76
 12
 83
 13
228
  5
 51
158
179
 93
117
150
 44
249
244
 50
  6
232
128
 76
 91
134
183
168
148
116
143
 65
 24
  4
206
162
  2
143
 75
 63
192
 63
160
250
 21
207
237
 68
188
222
200
114
207
131
235
 25
225
180
138
184
 43
123
 75
228
209
186
210
212
 66
 95
118
145
 84
  1
 30
103
 52
 81
196
 63
 73
223
120
 10
  8
 74
131
 66
 33
187
 38
227
240
147
118
220
208
144
 51
148
 25
 36
118
198
138
 88
102
117
229
 30
 22
172
 48
 26
240
216
 30
118
186
160
143
 35
239
187
192
144
 39
148
116
 23
123
136
 58
 71
 28
 68
242
141
111
138
 95
 76
196
 17
207
  3
 70
200
 87
160
162
 29
176
238
132
 87
 77
212
 73
201
 95
201
134
119
 79
 90
168
208
148
247
 10
 53
243
  3
112
171
201
134
 38
190
 64
 30
196
 48
116
195
 55
 25
115
 78
209
178
 10
 78
246
191
133
247
144
160
207
148
  1
215
 21
115
235
130
213
  9
 41
212
202
205
 16
 79
 36
 26
 69
228
221
106
143
241
164
215
183
 23
122
 29
181
167
132
  9
 46
103
 62
161
243
151
 70
 97
119
134
 60
 73
175
221
153
 11
165
117
135
  3
 15
156
 99
175
110
219
  6
 24
237
 99
179
233
184
203
139
220
 88
192
 19
 71
110
247
  2
106
 47
 87
 52
 78
188
197
106
 68
104
191
152
188
113
151
158
238
133
 24
 62
238
188
214
103
163
137
134
128
  3
165
171
247
 72
139
191
 63
227
 60
145
 67
 46
252
 66
218
 89
 38
168
156
 76
131
 25
201
 57
 50
157
 61
144
187
  7
154
159
 57
172
 75
180
110
 73
116
 58
 78
 18
113
255
217
 53
 65
201
180
227
223
193
 37
247
 81
172
 99
137
 97
 32
218
216
 29
253
 95
229
253
 20
 65
245
140
246
174
233
135
122
111
200
224
 82
181
 99
 23
  8
235
 14
 71
147
 61
182
125
175
104
 90
210
 26
237
150
164
 97
126
 21
223
239
163
200
 69
 61
233
241
 77
202
232
 23
 48
 43
  2
142
153
178
145
255
224
182
 88
 73
160
174
206
 23
139
145
186
175
207
 99
198
114
220
214
223
114
209
 26
 86
117
148
153
150
214
158
126
 62
147
240
 99
 70
213
199
 80
150
146
139
177
 45
 89
254
123
101
186
220
199
211
 47
155
 39
241
146
171
 11
185
 82
235
227
220
 79
 39
 90
162
152
215
108
234
132
197
196
175
 75
 16
171
175
241
190
102
 20
167
 51
174
 14
 71
203
185
 33
218
127
216
 26
226
151
 24
112
 66
131
168
 95
 74
 84
255
178
 57
 10
232
 55
167
217
216
 99
  2
223
 44
125
 79
 36
 81
 87
250
146
 97
 36
 36
 74
 23
135
 82
 70
105
219
116
 70
152
109
217
116
 77
 54
 16
193
 11
 54
173
254
115
128
 56
245
 34
161
213
100
186
143
 70
133
233
 25
184
169
 62
199
  6
194
  7
167
 44
152
179
250
232
 91
189
147
 86
 20
184
178
171
  2
 33
202
 18
102
 10
255
158
167
 67
 64
  6
180
 12
169
156
214
 92
 68
177
110
211
107
110
  3
171
226
206
170
235
225
 87
112
 67
  1
235
 39
 38
146
188
116
190
167
221
104
 81
165
121
 62
  6
226
 84
166
 60
178
240
151
246
137
  8
131
 88
 39
 34
 16
 73
116
183
105
226
 39
212
219
126
155
204
216
  3
132
237
117
106
 57
152
184
194
 25
101
 37
144
206
 82
 20
112
165
235
105
178
 94
 93
160
  4
236
149
 62
181
252
254
213
209
 79
132
147
101
232
 42
 82
 86
 45
 54
133
254
221
165
 77
 71
119
 15
154
101
 53
 86
251
186
144
142
 75
154
117
255
252
231
  6
180
244
123
242
113
255
220
108
222
180
 60
 34
252
205
 72
226
 55
143
210
172
127
164
 74
186
243
208
133
 59
 82
218
 71
130
169
249
207
  1
166
235
130
111
166
232
124
164
183
205
154
 10
186
109
 48
 28
171
 13
115
 99
244
148
239
 77
 91
115
182
142
150
 17
 51
190
 88
138
112
208
129
151
199
 74
 85
137
111
149
215
149
212
  5
102
132
231
  2
 98
235
186
160
131
113
248
 61
 86
120
254
111
 80
126
  6
112
195
 65
114
241
  4
240
133
208
 87
101
247
220
 25
 14
197
 35
  3
112
 79
 40
 85
243
174
235
  0
109
233
 16
 77
226
141
149
223
113
  0
159
164
106
135
209
 31
 61
 13
 90
 67
 93
189
244
185
252
151
247
 28
  0
  6
106
197
249
 93
137
107
156
204
 49
 34
246
135
252
188
180
221
149
 72
125
171
161
 79
 17
224
205
235
186
 83
209
145
 40
 70
 75
243
106
 91
127
163
130
 18
151
  6
138
141
 80
 61
 56
194
131
189
228
200
  1
101
 73
 52
148
 72
210
 35
173
255
  4
116
210
 41
 68
  6
 14
 77
 58
 28
242
 69
175
 65
113
144
 99
 57
212
238
176
218
142
223
 51
186
122
 78
 65
227
219
 37
147
168
223
112
 39
137
 47
 94
205
 59
 52
 66
217
 81
 70
227
 53
235
 56
208
 25
 74
 93
 70
 53
198
254
 92
 61
219
108
215
233
 48
186
207
 20
175
114
230
143
 56
 95
 61
162
177
100
209
244
134
 93
119
245
161
172
 15
 76
188
 57
 56
237
225
193
185
146
227
 51
130
111
169
221
209
115
245
208
221
245
 48
183
111
 73
251
 10
137
213
250
214
 18
 27
 20
146
156
 80
172
191
 98
192
106
 56
 53
210
229
215
252
190
227
150
 86
189
 11
  2
162
197
106
 82
233
 47
223
200
167
116
241
 41
 50
106
214
 96
  8
  7
243
219
106
224
 41
 23
134
 52
 56
154
146
119
163
144
107
181
224
186
185
 18
 43
205
215
133
 41
135
209
 69
226
154
167
190
139
 89
195
 10
  6
225
 17
 83
 78
215
129
251
 18
 49
249
240
239
  5
 70
 54
240
244
124
222
101
 86
 54
 73
178
177
 38
 66
  5
181
 80
232
116
167
221
 69
 15
 43
232
 65
133
 57
158
  7
149
218
 18
102
145
 99
 85
 58
152
 25
 73
195
232
 74
 82
 68
202
 38
192
249
 10
158
 69
 14
 65
208
 35
187
223
 42
238
204
 69
254
 97
 84
132
149
 23
112
231
195
154
199
221
138
144
 23
255
167
187
168
142
 14
128
160
 70
 69
 70
 40
 98
204
 32
169
205
 14
 26
239
  6
224
  0
204
145
 16
  2
 97
203
 27
149
238
 71
 70
159
164
131
130
 61
 13
 44
204
121
134
203
 86
201
240
151
139
207
121
187
 45
177
127
 10
153
 53
205
 76
 17
144
247
104
154
108
 93
219
102
 40
222
188
170
209
 80
227
213
212
 82
143
130
213
153
169
172
166
179
175
164
 74
212
 87
 32
154
 25
205
 75
204
  7
203
127
217
179
 70
 26
149
173
226
 20
 68
180
 48
 37
153
204
 94
209
214
152
 23
138
139
 23
203
106
216
  1
 42
233
  1
105
163
215
 71
127
 15
 69
198
176
141
  7
107
 25
240
 87
 52
112
176
 48
224
 90
189
188
204
175
154
 25
 26
140
234
123
 65
 12
 48
 27
255
147
 65
 52
254
116
 17
 80
191
 57
155
 96
 64
 85
 50
245
 97
244
241
163
 37
113
183
 14
216
 31
128
 10
 72
 10
170
248
158
 91
 46
128
225
 78
 39
125
249
 93
222
117
135
174
 48
 44
 12
 19
242
115
 22
 97
244
 77
252
156
190
211
238
 35
146
135
233
189
117
212
200
250
236
247
213
215
 27
130
226
 63
185
 70
127
 69
  2
185
168
 32
 94
216
  3
 16
144
148
188
202
 71
 57
138
255
164
107
142
134
140
214
110
101
 34
165
 28
139
242
 71
148
163
193
 27
195
122
196
 50
202
  2
161
 47
101
182
135
166
 13
 42
115
 99
210
164
 12
 58
209
250
147
196
126
118
118
129
 84
243
132
 73
 75
110
174
175
104
228
 62
  9
180
146
185
205
171
154
 63
 24
177
  4
171
155
224
 64
 31
249
174
179
190
164
240
122
204
157
206
124
  7
 78
217
 57
138
 59
 58
 98
 83
244
185
107
 12
125
155
229
 94
 24
220
109
195
 59
  4
242
 39
 62
237
 84
145
101
244
104
153
 55
107
 24
196
185
146
231
 59
189
185
205
182
 25
  5
179
156
 89
194
155
 76
145
191
 99
177
104
162
219
 44
  5
239
 46
 67
252
  8
159
 29
 39
201
127
218
185
 65
190
 66
 81
129
210
 19
 76
222
160
116
163
111
177
 54
174
 58
191
 20
150
 80
 63
144
108
253
  1
114
 33
 65
191
 69
198
237
154
240
103
 29
 74
230
130
 25
140
137
205
177
 53
 33
202
150
 23
178
108
 91
  3
 40
148
 63
134
 93
169
154
229
 19
  3
 30
162
243
188
221
  3
128
213
148
 30
 44
 18
194
134
105
188
 72
 92
232
 93
144
  2
252
154
142
 94
 62
178
 58
182
128
 87
179
108
124
208
220
 18
170
111
149
186
147
162
 23
131
 32
164
 51
247
209
 33
177
162
189
140
 46
195
 91
 64
217
240
198
191
235
 53
 58
 42
122
 16
123
171
205
 43
108
246
176
130
 69
 85
 65
 59
221
 34
 21
215
 77
  5
119
255
116
124
 73
 63
 73
166
  5
150
 84
191
141
168
221
 44
  1
242
162
 36
125
 73
150
138
  8
161
209
229
 25
117
 52
212
226
 37
 74
144
 77
 95
215
  3
130
183
222
103
146
 78
210
 51
163
148
140
 98
 46
 55
171
 35
112
 19
240
 44
 91
 71
179
126
 44
 66
130
 69
248
 17
187
129
  1
118
227
100
 90
220
180
194
141
225
  2
252
185
215
204
 77
 23
 20
 29
223
227
205
 70
130
223
138
 13
188
 25
 14
100
 86
  8
 49
152
 23
 95
168
 11
 65
104
 41
116
171
150
 10
 18
147
143
146
187
127
 45
222
142
107
119
120
200
121
 55
133
188
114
  9
224
180
 69
 45
  5
228
142
103
104
202
 93
232
 95
 34
205
204
 83
239
206
 27
200
214
132
 10
 47
253
135
228
  1
207
 32
 74
 82
146
144
 44
 89
 76
114
176
175
150
  0
195
102
134
174
153
242
141
100
208
 60
233
225
 92
142
199
138
 36
112
 32
224
  6
218
 31
161
233
118
 69
145
238
185
182
136
255
199
112
 62
 15
 45
 62
 76
 65
236
  8
 53
128
243
 61
221
239
  4
233
238
 23
 34
 95
208
247
198
113
237
119
116
139
140
 19
102
177
  1
194
249
224
105
107
111
 13
255
 64
123
230
 43
144
  1
104
 82
 16
215
 48
228
133
 23
 40
148
108
234
138
250
 56
248
135
 28
 12
 68
228
 12
 58
203
 41
197
200
124
199
 65
109
214
 48
 98
 94
223
115
130
 35
224
166
226
 17
 81
204
 38
249
195
128
113
 60
 17
225
130
 33
230
 36
  9
237
154
 43
 25
217
125
172
218
138
241
 47
188
250
196
202
 55
207
127
160
213
102
171
186
115
 61
 28
 37
154
173
 82
229
 42
 71
 49
112
113
 13
112
119
115
245
190
245
112
140
163
116
207
  1
 72
 35
248
212
245
123
 28
243
 49
 71
125
217
 53
168
118
 82
174
100
 10
 80
214
170
119
120
248
198
 59
  1
 27
167
192
253
 29
199
138
 19
105
 35
178
220
227
225
127
 89
240
 81
221
227
175
 15
242
 71
120
163
182
132
 31
 21
134
100
228
111
199
 14
233
255
205
 56
154
 42
222
 87
178
 32
 85
 18
 39
209
 15
202
239
 96
143
108
224
 29
 50
186
 34
105
129
100
  1
125
123
 75
 47
245
117
 67
198
 62
150
125
207
 47
 15
 29
 95
229
 22
179
 12
154
228
124
149
 86
 76
246
136
 62
249
149
 81
  5
 40
181
 83
107
100
 12
193
 68
248
131
 35
145
  7
 13
  5
206
 88
 93
 68
223
139
210
183
228
152
 33
103
 55
221
139
 18
 14
 65
 34
 87
130
 41
 31
233
 92
170
 94
157
181
 46
229
 11
160
233
151
 80
 55
249
 70
246
 23
 50
 30
 34
196
127
211
117
 71
 58
219
 73
 43
  6
 78
181
 68
 70
108
 86
115
221
 18
120
181
202
253
 37
 63
 87
145
197
113
 77
102
 58
 66
103
 83
 31
228
184
 83
 36
117
163
174
119
117
 39
248
  9
154
 97
129
  1
 66
141
104
153
226
225
218
167
 75
  3
173
120
229
 34
212
238
 27
 65
124
212
 30
166
237
165
 24
167
  4
235
121
179
 27
169
 55
  5
 36
 86
 86
220
249
174
 83
115
192
 25
 33
 28
142
119
 64
249
 77
226
244
  1
  4
151
 88
 48
  3
 42
132
 66
158
116
150
252
144
 17
245
169
 17
206
244
 37
 39
 26
 76
 60
136
142
181
206
 48
 17
249
 36
 99
154
236
 59
179
238
 88
119
  6
144
 35
232
240
145
 90
 62
132
122
206
234
204
 23
168
216
111
246
155
165
185
175
233
 24
 12
 73
142
164
139
137
113
111
  5
227
183
218
215
 55
 39
237
171
 63
163
 13
 39
255
  6
236
 84
 97
183
 48
 89
231
129
 91
 50
 66
 73
102
 18
 17
190
130
107
116
210
 31
174
211
253
173
153
224
 82
 34
 13
204
218
 61
 79
252
135
221
216
 30
190
167
 44
226
175
 95
 25
204
 74
228
 96
227
 56
240
170
147
231
222
 28
194
182
104
 81
112
194
 30
158
130
 16
134
119
 68
180
253
133
239
101
154
252
149
184
133
 46
160
111
123
187
145
 96
 28
240
 34
 10
233
209
  7
 14
165
230
224
244
105
218
  3
206
 28
193
146
218
134
 86
234
 76
 83
145
 74
233
101
127
120
 34
181
 65
196
 11
 50
186
249
 77
191
165
  1
150
 86
 12
165
233
 98
205
  4
238
190
 95
 86
255
123
195
152
233
228
220
 76
190
164
150
179
103
121
184
 58
 94
  9
241
 25
 66
 56
 63
100
132
153
224
151
 14
175
245
 51
 40
166
149
150
152
148
106
 22
158
110
 48
 42
 60
111
152
146
  5
159
178
164
164
 50
212
115
  0
187
123
227
 95
241
212
213
 31
  4
 74
 93
206
 13
125
128
  4
241
110
 58
 57
173
181
117
147
204
199
231
193
203
174
234
202
 68
  4
146
213
140
146
  1
133
228
153
102
187
 45
148
130
230
233
155
 12
186
174
 94
 43
218
143
175
123
 40
128
139
203
  5
 95
155
136
103
 50
 29
 38
 41
237
 48
183
 28
191
133
239
192
165
120
123
135
 19
 12
173
225
100
 53
108
  2
114
240
199
 53
 89
 56
230
 81
191
178
 54
146
143
105
161
 66
169
 92
101
116
118
107
111
 46
 20
238
 89
165
128
 96
  2
146
106
211
119
177
 21
 63
230
 78
 54
235
173
194
 38
 75
125
123
188
109
  1
209
149
159
252
 48
 21
146
134
130
210
 74
106
 75
252
 14
 32
242
238
 85
250
126
121
203
148
 60
114
253
247
 70
 36
195
 67
167
 72
  6
228
  0
114
190
 20
231
121
242
230
234
 60
132
 57
 67
195
105
177
230
200
241
 16
115
243
 65
170
201
 98
181
 52
246
 16
 80
 73
 65
212
238
225
130
 57
  8
164
154
 58
176
 76
217
216
154
144
  5
242
 44
114
110
184
101
143
212
159
 31
 55
106
231
164
121
 28
194
 50
129
228
 14
219
121
242
 11
178
146
 52
230
148
 89
202
  3
105
252
100
253
110
132
191
121
216
151
237
  7
187
 24
209
132
185
125
171
143
182
248
205
 24
239
179
210
  0
238
245
 98
218
 14
254
 81
 65
117
226
218
131
182
212
 31
116
 63
145
 95
247
 27
179
159
179
 99
199
 35
 78
194
135
 13
 96
 20
112
154
232
146
209
124
 82
 27
178
207
 39
  9
106
166
 96
124
108
127
100
248
157
 76
 94
 97
116
107
136
189
  7
 46
167
217
 90
 58
 45
252
221
169
 97
212
194
175
156
 70
136
172
210
 65
 98
212
227
 84
167
133
241
100
143
129
181
192
 69
 51
250
 16
246
232
 61
167
169
129
218
 22
 35
  1
 38
 63
  0
177
  5
 27
128
178
119
106
119
 36
188
 63
127
114
 61
156
 73
243
 85
 46
175
200
109
166
 55
 99
120
250
 70
180
 81
101
177
238
 21
 84
 68
105
207
165
213
219
135
 67
142
217
 35
190
109
 75
 34
186
  9
 34
 57
 91
219
141
244
133
142
 85
193
120
 16
157
 99
 71
 29
 27
188
 15
131
 45
 14
231
190
171
157
 50
207
226
241
154
140
 68
127
222
 22
 16
121
131
163
 24
112
 68
173
195
 24
  0
106
130
162
160
110
201
 89
240
146
149
 61
234
  2
232
251
229
 24
193
148
245
139
 92
 73
139
 27
 29
 62
 40
101
 20
233
123
136
213
 53
118
249
237
 36
 57
 69
  0
118
 19
  1
187
146
 69
  6
217
205
 61
203
176
252
130
212
 33
175
143
 73
140
 30
  4
 43
111
 53
201
162
129
111
236
245
188
 51
 34
188
  7
241
163
 92
110
 84
  4
 11
147
 49
225
105
121
 33
 95
198
160
194
158
209
182
 83
128
133
 80
140
204
174
230
 15
 82
232
 21
174
183
181
160
242
 73
 94
203
 47
181
109
 36
246
131
210
 65
173
 26
175
211
101
193
194
179
218
246
 73
253
 84
 87
163
  7
 12
124
135
 71
160
144
  9
 52
167
209
 27
 21
 49
 62
 24
128
135
 24
135
 97
 80
 53
 76
 48
 85
 42
143
233
147
  0
181
 62
 47
 21
 38
127
161
  4
 18
 71
103
 57
  8
 92
 27
140
 10
182
217
165
 48
 40
215
254
106
227
 22
  0
234
205
 67
 66
 29
175
113
165
234
 79
 48
124
 32
194
166
196
188
102
109
172
 25
196
196
 16
 40
217
 58
133
 55
208
141
 94
239
162
102
 66
 50
241
184
131
191
 13
115
180
231
111
207
198
242
 80
 77
114
135
240
151
100
101
188
167
208
 18
239
142
197
174
172
113
171
225
173
188
239
 31
235
182
 20
 91
 37
210
 14
148
 98
190
 47
 72
215
  9
123
253
 55
195
107
 14
251
118
152
 68
 68
  4
 79
121
141
 29
 65
237
 63
226
118
144
 67
109
127
223
 16
206
209
156
100
 67
 89
188
177
 56
 80
 59
192
158
112
159
 46
195
 85
 14
105
148
136
176
177
169
192
165
206
217
 84
 90
100
159
 52
219
127
144
133
111
135
120
152
189
219
251
207
167
 85
133
152
112
 11
228
121
 38
199
 67
156
 25
194
  6
119
182
 88
 32
180
 81
 77
157
 63
138
 96
153
153
207
241
 20
 73
 63
189
  6
213
 27
211
177
195
221
 62
 96
 90
 58
  4
158
155
177
  3
 23
108
 78
172
185
237
184
111
 42
158
129
227
117
226
 73
 56
 37
243
134
 19
 64
 10
 93
 18
 88
132
 98
247
111
132
243
 91
 23
  9
128
173
 36
  7
 99
197
131
233
 22
 60
186
243
195
192
 21
187
242
136
 81
184
 92
 46
  7
 31
 24
149
 79
141
216
223
 99
  2
 27
177
145
117
 19
251
188
 15
177
112
 41
206
167
131
 59
 18
 31
181
195
245
 42
 28
242
 71
234
131
219
  0
138
 79
  7
 57
243
237
 10
185
251
 52
179
 78
105
182
  8
175
 91
233
 63
 97
221
 63
187
204
 60
 32
185
206
 56
101
189
195
 95
118
194
 82
214
 60
225
167
 98
157
132
177
 59
218
 24
198
166
225
184
154
 19
 85
 64
128
252
 72
 14
108
  8
 88
194
136
164
111
141
252
231
234
203
105
129
199
138
119
 37
228
 59
  3
 89
 77
  5
 80
 30
141
114
  9
181
241
 95
 20
202
215
144
148
 78
177
247
196
184
  2
 69
185
217
128
229
122
 13
 99
138
189
136
164
209
 15
 74
 42
 27
 19
154
 80
129
132
188
179
 96
236
201
173
174
 71
205
  0
215
124
126
 10
 68
 83
238
243
124
188
143
 76
 27
 30
160
 29
 93
149
252
 67
 20
 88
157
181
227
165
 90
228
103
 84
 47
149
160
192
 73
126
125
225
158
 70
 91
187
 91
219
 22
189
110
166
161
 34
 56
 37
166
208
 57
163
242
  5
 73
 48
 99
112
114
196
137
239
147
 81
 80
  8
208
171
131
  1
234
 37
203
160
207
253
 73
 89
190
 28
225
 54
 52
  2
185
228
149
199
125
224
 96
140
 98
 62
 83
166
178
 29
156
 30
175
 94
170
177
122
218
113
 83
208
 54
112
 43
129
 95
172
121
169
181
166
172
179
 23
130
205
 87
 31
 11
238
176
 21
210
142
234
 68
 75
 18
 97
141
237
 38
143
 40
 12
186
164
253
 85
156
228
241
231
120
 10
 38
120
 87
238
249
180
 21
202
 69
 97
251
 36
125
 77
143
 78
 57
 49
 41
  9
 83
246
223
 89
126
 45
  8
  0
202
 15
 45
150
 99
205
148
 34
205
 31
 39
 18
 29
211
195
109
138
127
126
127
 54
151
236
254
 70
  7
 66
183
 57
194
232
156
129
223
178
164
170
245
112
104
204
222
 10
135
 12
 32
126
 24
  7
 45
187
 99
112
 42
236
 73
144
188
 47
120
228
157
104
232
 91
 67
191
 52
165
149
  8
 49
 82
161
224
232
220
 40
220
 74
195
148
 93
210
221
113
 22
 17
175
 83
219
167
 62
 98
 33
237
 17
206
 45
138
227
245
 51
 33
226
 21
237
  5
115
187
 35
 19
180
 75
101
 19
142
 21
 84
 90
 86
125
 29
127
111
127
250
209
 36
245
231
209
 38
133
 26
  9
 96
180
227
114
 74
